{
 "cells": [
  {
   "attachments": {},
   "cell_type": "markdown",
   "metadata": {},
   "source": [
    "# **Etude des différents terminaux**\n",
    "\n",
    "Nous allons procéder à l'étude des différents terminaux en posssession de l'établissement ici.\n",
    "Nous avons un ensemble de variables qualitatives (colonnes) qui nous permettent de connaître le nombre de terminaux qu'un établissement a en sa possession. Cela peut être intéressant car normalement plus l'établissement met à disposition des moyens physiques numériques et plus les élèves pourront accéder aux ressources en ligne et en faire usage pour leurs études. Cela peut aider également les étudiants défavorisés numériquement et réduire les écarts entre différentes catégories sociales.\n",
    "\n",
    "Nous avons dans l'enquête 15 colonnes qui nous informent sur le nombre de terminaux. Nous allons les utiliser ici dans notre analyse pour déterminer un lien entre les différentes colonnes. \n",
    "Voici les colonnes que nous utiliserons ici :\n",
    "- 'NbTerminaux'\n",
    "- 'NbTablette'\n",
    "- 'NbTablettePC'\n",
    "- 'NbMicroMoins5'\n",
    "- 'NbMicroPortable'\n",
    "- 'NbPortAffEl'\n",
    "- 'NbPortAffEns'\n",
    "- 'NbEleveEqASH'\n",
    "- 'NbPosteEqASH'\n",
    "- 'NbTBI'\n",
    "- 'propClassesAvecTBI'\n",
    "- 'NbVideoProj'\n",
    "- 'NbClassMobile'\n",
    "- 'NbLecteurMpx'\n",
    "- 'NbImpr3D'\n",
    "\n",
    "\n",
    "Nous essaierons de faire du clustering par la suite.\n",
    "\n",
    "### *Import des bibliothèques*"
   ]
  },
  {
   "cell_type": "code",
   "execution_count": 38,
   "metadata": {},
   "outputs": [],
   "source": [
    "import pandas as pd\n",
    "from sklearn.decomposition import PCA\n",
    "import plotly_express as px\n",
    "import plotly.graph_objects as go\n",
    "import prince as pc\n",
    "import numpy as np\n",
    "from sklearn.cluster import KMeans\n",
    "from sklearn.preprocessing import StandardScaler"
   ]
  },
  {
   "attachments": {},
   "cell_type": "markdown",
   "metadata": {},
   "source": [
    "### *Import du fichier*"
   ]
  },
  {
   "cell_type": "code",
   "execution_count": 3,
   "metadata": {},
   "outputs": [
    {
     "data": {
      "text/plain": [
       "Index(['Code_UAI', 'Millesime', 'Code_nature', 'nature_uai', 'typ_etab',\n",
       "       'Academie', 'Departement', 'NbEleve', 'NbEnseignant',\n",
       "       'SiEtabCentreRessource', 'SiProjetNumEcole', 'SiEntDisponible',\n",
       "       'SiProjEtabIntegreENT', 'Maint_PersCollect', 'Maint_PrestaExt',\n",
       "       'Maint_PersonnelEducNatHsEtab', 'Maint_PersonnelEtab',\n",
       "       'Maint_AutreNeSaitPas', 'Maint_Personne', 'NbRessourceEdit',\n",
       "       'TpRess_ManuelNum', 'TpRess_AnimScienLogiSimu', 'TpRess_Bdd',\n",
       "       'TpRess_LogiOutils', 'TpRess_OuvRef', 'TpRess_ResEntrainement',\n",
       "       'TpRess_Autres', 'TpRess_aucune', 'ServInt_NoteElev', 'ServInt_AbsElev',\n",
       "       'ServInt_EdtElevCls', 'ServInt_CahierTxt', 'ServInt_DocRessPeda',\n",
       "       'ServInt_AgdActuEtab', 'ServInt_PlatApp', 'ServInt_Autres',\n",
       "       'ServInt_aucun', 'NbTerminaux', 'NbTablette', 'NbTablettePC',\n",
       "       'NbMicroMoins5', 'NbMicroPortable', 'NbPortAffEl', 'NbPortAffEns',\n",
       "       'NbEleveEqASH', 'NbPosteEqASH', 'NbTBI', 'propClassesAvecTBI',\n",
       "       'NbVideoProj', 'NbClassMobile', 'NbLecteurMpx', 'NbImpr3D',\n",
       "       'AccWeb_RTC', 'AccWeb_CableFibreOptique', 'AccWeb_ADSL',\n",
       "       'AccWeb_AutresHautDebit', 'AccWeb_NeSaitPas', 'AccWeb_Aucun',\n",
       "       'DebitWeb', 'SiWifi', 'SalleInternet', 'PostesInfoElvHorsCours',\n",
       "       'SiPareFeuEtab', 'SiOuifiltrageWeb', 'ControlePosteriori',\n",
       "       'SiCharteUsageWeb', 'Diffch_AnnexeeRI',\n",
       "       'Diffch_DossierRentreeEnseignants', 'Diffch_CRConseilAdmin',\n",
       "       'Diffch_DiffusionParents', 'Diffch_Autres', 'AccesParentCharte',\n",
       "       'ElvAuthentif', 'SiVisioConferenc', 'SiEntUtilise',\n",
       "       'TypeMatHandi_Tablette', 'TypeMatHandi_OrdiPort', 'TypeMatHandi_LogApp',\n",
       "       'TypeMatHandi_Autre', 'Code_region', 'Libelle_region'],\n",
       "      dtype='object')"
      ]
     },
     "execution_count": 3,
     "metadata": {},
     "output_type": "execute_result"
    }
   ],
   "source": [
    "df = pd.read_csv('../data/lycee-college/fr-en-etic_2d.csv', sep=';')\n",
    "\n",
    "df.columns"
   ]
  },
  {
   "attachments": {},
   "cell_type": "markdown",
   "metadata": {},
   "source": [
    "### *Traitement du fichier*\n",
    "\n",
    "On va mettre `Code_UAI` en index pour pouvoir identifier de façon plus simple les individus. On va supprimer les colonnes inutiles et supprimer les lignes qui contiennent des `NaN` pour pouvoir faire une ACP et peut-être du Clustering non supervisé par la suite."
   ]
  },
  {
   "cell_type": "code",
   "execution_count": 4,
   "metadata": {},
   "outputs": [],
   "source": [
    "df_termin = df.set_index('Code_UAI')\n",
    "\n",
    "df_termin.drop(columns=['Millesime', 'Code_nature', 'nature_uai', 'typ_etab',\n",
    "       'Academie', 'Departement', 'NbEleve', 'NbEnseignant',\n",
    "       'SiEtabCentreRessource', 'SiProjetNumEcole', 'SiEntDisponible',\n",
    "       'SiProjEtabIntegreENT', 'Maint_PersCollect', 'Maint_PrestaExt',\n",
    "       'Maint_PersonnelEducNatHsEtab', 'Maint_PersonnelEtab',\n",
    "       'Maint_AutreNeSaitPas', 'Maint_Personne', 'NbRessourceEdit',\n",
    "       'TpRess_ManuelNum', 'TpRess_AnimScienLogiSimu', 'TpRess_Bdd',\n",
    "       'TpRess_LogiOutils', 'TpRess_OuvRef', 'TpRess_ResEntrainement',\n",
    "       'TpRess_Autres', 'TpRess_aucune', 'ServInt_NoteElev', 'ServInt_AbsElev',\n",
    "       'ServInt_EdtElevCls', 'ServInt_CahierTxt', 'ServInt_DocRessPeda',\n",
    "       'ServInt_AgdActuEtab', 'ServInt_PlatApp', 'ServInt_Autres',\n",
    "       'ServInt_aucun', 'AccWeb_RTC', 'AccWeb_CableFibreOptique', 'AccWeb_ADSL',\n",
    "       'AccWeb_AutresHautDebit', 'AccWeb_NeSaitPas', 'AccWeb_Aucun',\n",
    "       'DebitWeb', 'SiWifi', 'SalleInternet', 'PostesInfoElvHorsCours',\n",
    "       'SiPareFeuEtab', 'SiOuifiltrageWeb', 'ControlePosteriori',\n",
    "       'SiCharteUsageWeb', 'Diffch_AnnexeeRI', 'Diffch_DossierRentreeEnseignants', \n",
    "       'Diffch_CRConseilAdmin','Diffch_DiffusionParents', 'Diffch_Autres', \n",
    "       'AccesParentCharte','ElvAuthentif', 'SiVisioConferenc', 'SiEntUtilise',\n",
    "       'TypeMatHandi_Tablette', 'TypeMatHandi_OrdiPort', 'TypeMatHandi_LogApp',\n",
    "       'TypeMatHandi_Autre', 'Code_region', 'Libelle_region'], inplace=True)\n",
    "\n",
    "\n",
    "df_termin.dropna(inplace=True)"
   ]
  },
  {
   "attachments": {},
   "cell_type": "markdown",
   "metadata": {},
   "source": [
    "On vérifie que nos modifications ont bien été appliquées"
   ]
  },
  {
   "cell_type": "code",
   "execution_count": 5,
   "metadata": {},
   "outputs": [
    {
     "data": {
      "text/html": [
       "<div>\n",
       "<style scoped>\n",
       "    .dataframe tbody tr th:only-of-type {\n",
       "        vertical-align: middle;\n",
       "    }\n",
       "\n",
       "    .dataframe tbody tr th {\n",
       "        vertical-align: top;\n",
       "    }\n",
       "\n",
       "    .dataframe thead th {\n",
       "        text-align: right;\n",
       "    }\n",
       "</style>\n",
       "<table border=\"1\" class=\"dataframe\">\n",
       "  <thead>\n",
       "    <tr style=\"text-align: right;\">\n",
       "      <th></th>\n",
       "      <th>NbTerminaux</th>\n",
       "      <th>NbTablette</th>\n",
       "      <th>NbTablettePC</th>\n",
       "      <th>NbMicroMoins5</th>\n",
       "      <th>NbMicroPortable</th>\n",
       "      <th>NbPortAffEl</th>\n",
       "      <th>NbPortAffEns</th>\n",
       "      <th>NbEleveEqASH</th>\n",
       "      <th>NbPosteEqASH</th>\n",
       "      <th>NbTBI</th>\n",
       "      <th>propClassesAvecTBI</th>\n",
       "      <th>NbVideoProj</th>\n",
       "      <th>NbClassMobile</th>\n",
       "      <th>NbLecteurMpx</th>\n",
       "      <th>NbImpr3D</th>\n",
       "    </tr>\n",
       "    <tr>\n",
       "      <th>Code_UAI</th>\n",
       "      <th></th>\n",
       "      <th></th>\n",
       "      <th></th>\n",
       "      <th></th>\n",
       "      <th></th>\n",
       "      <th></th>\n",
       "      <th></th>\n",
       "      <th></th>\n",
       "      <th></th>\n",
       "      <th></th>\n",
       "      <th></th>\n",
       "      <th></th>\n",
       "      <th></th>\n",
       "      <th></th>\n",
       "      <th></th>\n",
       "    </tr>\n",
       "  </thead>\n",
       "  <tbody>\n",
       "    <tr>\n",
       "      <th>0090007J</th>\n",
       "      <td>182.0</td>\n",
       "      <td>0.0</td>\n",
       "      <td>0.0</td>\n",
       "      <td>41.0</td>\n",
       "      <td>3.0</td>\n",
       "      <td>0.0</td>\n",
       "      <td>0.0</td>\n",
       "      <td>0.0</td>\n",
       "      <td>0.0</td>\n",
       "      <td>10.0</td>\n",
       "      <td>20pcta50pct</td>\n",
       "      <td>12.0</td>\n",
       "      <td>0.0</td>\n",
       "      <td>0.0</td>\n",
       "      <td>1.0</td>\n",
       "    </tr>\n",
       "    <tr>\n",
       "      <th>0090009L</th>\n",
       "      <td>124.0</td>\n",
       "      <td>0.0</td>\n",
       "      <td>0.0</td>\n",
       "      <td>56.0</td>\n",
       "      <td>1.0</td>\n",
       "      <td>0.0</td>\n",
       "      <td>0.0</td>\n",
       "      <td>3.0</td>\n",
       "      <td>3.0</td>\n",
       "      <td>2.0</td>\n",
       "      <td>Mois20pct</td>\n",
       "      <td>15.0</td>\n",
       "      <td>0.0</td>\n",
       "      <td>0.0</td>\n",
       "      <td>0.0</td>\n",
       "    </tr>\n",
       "    <tr>\n",
       "      <th>0120037A</th>\n",
       "      <td>450.0</td>\n",
       "      <td>5.0</td>\n",
       "      <td>0.0</td>\n",
       "      <td>300.0</td>\n",
       "      <td>5.0</td>\n",
       "      <td>0.0</td>\n",
       "      <td>5.0</td>\n",
       "      <td>0.0</td>\n",
       "      <td>0.0</td>\n",
       "      <td>10.0</td>\n",
       "      <td>20pcta50pct</td>\n",
       "      <td>30.0</td>\n",
       "      <td>0.0</td>\n",
       "      <td>0.0</td>\n",
       "      <td>2.0</td>\n",
       "    </tr>\n",
       "    <tr>\n",
       "      <th>0300039E</th>\n",
       "      <td>110.0</td>\n",
       "      <td>110.0</td>\n",
       "      <td>0.0</td>\n",
       "      <td>110.0</td>\n",
       "      <td>110.0</td>\n",
       "      <td>0.0</td>\n",
       "      <td>9.0</td>\n",
       "      <td>0.0</td>\n",
       "      <td>0.0</td>\n",
       "      <td>5.0</td>\n",
       "      <td>Mois20pct</td>\n",
       "      <td>14.0</td>\n",
       "      <td>0.0</td>\n",
       "      <td>0.0</td>\n",
       "      <td>1.0</td>\n",
       "    </tr>\n",
       "    <tr>\n",
       "      <th>0300059B</th>\n",
       "      <td>216.0</td>\n",
       "      <td>125.0</td>\n",
       "      <td>0.0</td>\n",
       "      <td>155.0</td>\n",
       "      <td>128.0</td>\n",
       "      <td>1.0</td>\n",
       "      <td>25.0</td>\n",
       "      <td>1.0</td>\n",
       "      <td>1.0</td>\n",
       "      <td>4.0</td>\n",
       "      <td>Mois20pct</td>\n",
       "      <td>16.0</td>\n",
       "      <td>4.0</td>\n",
       "      <td>1.0</td>\n",
       "      <td>0.0</td>\n",
       "    </tr>\n",
       "  </tbody>\n",
       "</table>\n",
       "</div>"
      ],
      "text/plain": [
       "          NbTerminaux  NbTablette  NbTablettePC  NbMicroMoins5  \\\n",
       "Code_UAI                                                         \n",
       "0090007J        182.0         0.0           0.0           41.0   \n",
       "0090009L        124.0         0.0           0.0           56.0   \n",
       "0120037A        450.0         5.0           0.0          300.0   \n",
       "0300039E        110.0       110.0           0.0          110.0   \n",
       "0300059B        216.0       125.0           0.0          155.0   \n",
       "\n",
       "          NbMicroPortable  NbPortAffEl  NbPortAffEns  NbEleveEqASH  \\\n",
       "Code_UAI                                                             \n",
       "0090007J              3.0          0.0           0.0           0.0   \n",
       "0090009L              1.0          0.0           0.0           3.0   \n",
       "0120037A              5.0          0.0           5.0           0.0   \n",
       "0300039E            110.0          0.0           9.0           0.0   \n",
       "0300059B            128.0          1.0          25.0           1.0   \n",
       "\n",
       "          NbPosteEqASH  NbTBI propClassesAvecTBI  NbVideoProj  NbClassMobile  \\\n",
       "Code_UAI                                                                       \n",
       "0090007J           0.0   10.0        20pcta50pct         12.0            0.0   \n",
       "0090009L           3.0    2.0          Mois20pct         15.0            0.0   \n",
       "0120037A           0.0   10.0        20pcta50pct         30.0            0.0   \n",
       "0300039E           0.0    5.0          Mois20pct         14.0            0.0   \n",
       "0300059B           1.0    4.0          Mois20pct         16.0            4.0   \n",
       "\n",
       "          NbLecteurMpx  NbImpr3D  \n",
       "Code_UAI                          \n",
       "0090007J           0.0       1.0  \n",
       "0090009L           0.0       0.0  \n",
       "0120037A           0.0       2.0  \n",
       "0300039E           0.0       1.0  \n",
       "0300059B           1.0       0.0  "
      ]
     },
     "execution_count": 5,
     "metadata": {},
     "output_type": "execute_result"
    }
   ],
   "source": [
    "df_termin.head()"
   ]
  },
  {
   "attachments": {},
   "cell_type": "markdown",
   "metadata": {},
   "source": [
    "On va ensuite procéder au renommage des colonnes"
   ]
  },
  {
   "cell_type": "code",
   "execution_count": 6,
   "metadata": {},
   "outputs": [
    {
     "data": {
      "text/plain": [
       "Index(['terminaux', 'tablette', 'tablettepc', 'micromoins5', 'microportable',\n",
       "       'portaffel', 'portaffens', 'eleveeqash', 'posteeqash', 'tbi',\n",
       "       'propclassesavectbi', 'videoproj', 'classmobile', 'lecteurmpx',\n",
       "       'impr3d'],\n",
       "      dtype='object')"
      ]
     },
     "execution_count": 6,
     "metadata": {},
     "output_type": "execute_result"
    }
   ],
   "source": [
    "old_columns = df_termin.columns\n",
    "\n",
    "for column in old_columns:\n",
    "    df_termin.rename(columns={column: column.replace('Nb', '').lower()}, inplace=True)\n",
    "\n",
    "\n",
    "df_termin.columns"
   ]
  },
  {
   "attachments": {},
   "cell_type": "markdown",
   "metadata": {},
   "source": [
    "### *Analyse des dépendances*\n",
    "\n",
    "Avant de faire une ACP, nous allons voir à l'aide de la matrice de corrélation s'il existe un lien entre les différentes variables qu'on a ici. Cela va nous aider à mieux comprendre l'ACP et mieux interpréter les résultats."
   ]
  },
  {
   "cell_type": "code",
   "execution_count": 13,
   "metadata": {},
   "outputs": [
    {
     "data": {
      "application/vnd.plotly.v1+json": {
       "config": {
        "plotlyServerURL": "https://plot.ly"
       },
       "data": [
        {
         "colorbar": {
          "thickness": 20
         },
         "hovertext": [
          [
           1,
           0.16,
           0.39,
           0.92,
           0.82,
           0.81,
           0.16,
           0.04,
           -0.05,
           0.32,
           0.66,
           0.1,
           0.06,
           0.25
          ],
          [
           0.16,
           1,
           0.19,
           0.13,
           0.26,
           0.18,
           0.53,
           0.08,
           0.08,
           0.06,
           -0.07,
           0.15,
           0.08,
           0.07
          ],
          [
           0.39,
           0.19,
           1,
           0.43,
           0.55,
           0.5,
           0.19,
           0.02,
           0.05,
           0.08,
           0.12,
           -0.01,
           -0.05,
           -0.06
          ],
          [
           0.92,
           0.13,
           0.43,
           1,
           0.88,
           0.9,
           0.2,
           0.07,
           -0.04,
           0.22,
           0.49,
           0.03,
           -0.02,
           0.12
          ],
          [
           0.82,
           0.26,
           0.55,
           0.88,
           1,
           0.98,
           0.28,
           0.1,
           0.01,
           0.14,
           0.27,
           0.12,
           -0.05,
           -0.02
          ],
          [
           0.81,
           0.18,
           0.5,
           0.9,
           0.98,
           1,
           0.23,
           0.1,
           -0.01,
           0.13,
           0.25,
           0.01,
           -0.06,
           -0.03
          ],
          [
           0.16,
           0.53,
           0.19,
           0.2,
           0.28,
           0.23,
           1,
           0.35,
           0.34,
           0.07,
           0,
           0.11,
           -0.01,
           0.12
          ],
          [
           0.04,
           0.08,
           0.02,
           0.07,
           0.1,
           0.1,
           0.35,
           1,
           0.85,
           -0.05,
           -0.05,
           0.08,
           0.01,
           0.11
          ],
          [
           -0.05,
           0.08,
           0.05,
           -0.04,
           0.01,
           -0.01,
           0.34,
           0.85,
           1,
           0,
           -0.07,
           0.11,
           0.01,
           0.08
          ],
          [
           0.32,
           0.06,
           0.08,
           0.22,
           0.14,
           0.13,
           0.07,
           -0.05,
           0,
           1,
           0.18,
           0.03,
           0.03,
           0.3
          ],
          [
           0.66,
           -0.07,
           0.12,
           0.49,
           0.27,
           0.25,
           0,
           -0.05,
           -0.07,
           0.18,
           1,
           0.09,
           0.17,
           0.28
          ],
          [
           0.1,
           0.15,
           -0.01,
           0.03,
           0.12,
           0.01,
           0.11,
           0.08,
           0.11,
           0.03,
           0.09,
           1,
           0.03,
           -0.01
          ],
          [
           0.06,
           0.08,
           -0.05,
           -0.02,
           -0.05,
           -0.06,
           -0.01,
           0.01,
           0.01,
           0.03,
           0.17,
           0.03,
           1,
           0.03
          ],
          [
           0.25,
           0.07,
           -0.06,
           0.12,
           -0.02,
           -0.03,
           0.12,
           0.11,
           0.08,
           0.3,
           0.28,
           -0.01,
           0.03,
           1
          ]
         ],
         "type": "heatmap",
         "x": [
          "terminaux",
          "tablette",
          "tablettepc",
          "micromoins5",
          "microportable",
          "portaffel",
          "portaffens",
          "eleveeqash",
          "posteeqash",
          "tbi",
          "videoproj",
          "classmobile",
          "lecteurmpx",
          "impr3d"
         ],
         "xgap": 1,
         "y": [
          "terminaux",
          "tablette",
          "tablettepc",
          "micromoins5",
          "microportable",
          "portaffel",
          "portaffens",
          "eleveeqash",
          "posteeqash",
          "tbi",
          "videoproj",
          "classmobile",
          "lecteurmpx",
          "impr3d"
         ],
         "ygap": 1,
         "z": [
          [
           1,
           0.161601037235032,
           0.39152585764685927,
           0.9211938623344939,
           0.8199423901958853,
           0.8086442334401275,
           0.16193420506113168,
           0.03908694784017963,
           -0.05255176843170344,
           0.31559293510906017,
           0.656928484463373,
           0.09802007515719342,
           0.06084584234732746,
           0.254798288760498
          ],
          [
           0.161601037235032,
           1,
           0.18815741863213747,
           0.12843929353727374,
           0.2623913690625766,
           0.18077050360452424,
           0.5306348546586409,
           0.08260904864595417,
           0.07850072455482693,
           0.06368511594514495,
           -0.0650744198952187,
           0.15430698731386802,
           0.08167504695165047,
           0.07146664082954109
          ],
          [
           0.39152585764685927,
           0.18815741863213747,
           1,
           0.4291114901382175,
           0.5477542801256825,
           0.4978263208718623,
           0.18744954044215126,
           0.018829132972906167,
           0.045520565290201674,
           0.07831652665349452,
           0.12400427682610125,
           -0.00793768479583338,
           -0.049469191077261596,
           -0.06259238855711952
          ],
          [
           0.9211938623344939,
           0.12843929353727374,
           0.4291114901382175,
           1,
           0.8849697757709934,
           0.902895214620163,
           0.1986894989916784,
           0.07017528003914694,
           -0.038460050208451446,
           0.2225296365784742,
           0.4881803183979735,
           0.03293547663110565,
           -0.020062311146888195,
           0.11797174810614214
          ],
          [
           0.8199423901958853,
           0.2623913690625766,
           0.5477542801256825,
           0.8849697757709934,
           1,
           0.975130725689106,
           0.2818113292881262,
           0.10134799337011394,
           0.007683840006551906,
           0.14134102266013843,
           0.2681445648500005,
           0.12359031422211669,
           -0.046315912663969915,
           -0.019908254294574983
          ],
          [
           0.8086442334401275,
           0.18077050360452424,
           0.4978263208718623,
           0.902895214620163,
           0.975130725689106,
           1,
           0.2312048371064603,
           0.10088432426287262,
           -0.00540353435633777,
           0.13420263059026488,
           0.25407448239705044,
           0.013660646446370616,
           -0.06069122517506542,
           -0.025796573706227566
          ],
          [
           0.16193420506113168,
           0.5306348546586409,
           0.18744954044215126,
           0.1986894989916784,
           0.2818113292881262,
           0.2312048371064603,
           1,
           0.34862044176118695,
           0.3447154743831294,
           0.0706374485937864,
           0.004004917402635532,
           0.1106312306589752,
           -0.011907386142036736,
           0.11864834888818526
          ],
          [
           0.03908694784017963,
           0.08260904864595417,
           0.018829132972906167,
           0.07017528003914694,
           0.10134799337011394,
           0.10088432426287262,
           0.34862044176118695,
           1,
           0.8531310253682002,
           -0.051191237981271995,
           -0.05447073278389243,
           0.07867399904831184,
           0.011068187298988058,
           0.11081744298132895
          ],
          [
           -0.05255176843170344,
           0.07850072455482693,
           0.045520565290201674,
           -0.038460050208451446,
           0.007683840006551906,
           -0.00540353435633777,
           0.3447154743831294,
           0.8531310253682002,
           1,
           0.00022154389851719808,
           -0.07310827190406165,
           0.1094421713221474,
           0.009579641541700254,
           0.08398869843642831
          ],
          [
           0.31559293510906017,
           0.06368511594514495,
           0.07831652665349452,
           0.2225296365784742,
           0.14134102266013843,
           0.13420263059026488,
           0.0706374485937864,
           -0.051191237981271995,
           0.00022154389851719808,
           1,
           0.1842132773543034,
           0.031217806084968144,
           0.034704200100848376,
           0.30001351199362786
          ],
          [
           0.656928484463373,
           -0.0650744198952187,
           0.12400427682610125,
           0.4881803183979735,
           0.2681445648500005,
           0.25407448239705044,
           0.004004917402635532,
           -0.05447073278389243,
           -0.07310827190406165,
           0.1842132773543034,
           1,
           0.08789351426651776,
           0.17215920463261222,
           0.2849780561038914
          ],
          [
           0.09802007515719342,
           0.15430698731386802,
           -0.00793768479583338,
           0.03293547663110565,
           0.12359031422211669,
           0.013660646446370616,
           0.1106312306589752,
           0.07867399904831184,
           0.1094421713221474,
           0.031217806084968144,
           0.08789351426651776,
           1,
           0.034803028753661924,
           -0.0061008919390860205
          ],
          [
           0.06084584234732746,
           0.08167504695165047,
           -0.049469191077261596,
           -0.020062311146888195,
           -0.046315912663969915,
           -0.06069122517506542,
           -0.011907386142036736,
           0.011068187298988058,
           0.009579641541700254,
           0.034704200100848376,
           0.17215920463261222,
           0.034803028753661924,
           1,
           0.025675819116902504
          ],
          [
           0.254798288760498,
           0.07146664082954109,
           -0.06259238855711952,
           0.11797174810614214,
           -0.019908254294574983,
           -0.025796573706227566,
           0.11864834888818526,
           0.11081744298132895,
           0.08398869843642831,
           0.30001351199362786,
           0.2849780561038914,
           -0.0061008919390860205,
           0.025675819116902504,
           1
          ]
         ]
        }
       ],
       "layout": {
        "height": 600,
        "template": {
         "data": {
          "bar": [
           {
            "error_x": {
             "color": "#2a3f5f"
            },
            "error_y": {
             "color": "#2a3f5f"
            },
            "marker": {
             "line": {
              "color": "#E5ECF6",
              "width": 0.5
             },
             "pattern": {
              "fillmode": "overlay",
              "size": 10,
              "solidity": 0.2
             }
            },
            "type": "bar"
           }
          ],
          "barpolar": [
           {
            "marker": {
             "line": {
              "color": "#E5ECF6",
              "width": 0.5
             },
             "pattern": {
              "fillmode": "overlay",
              "size": 10,
              "solidity": 0.2
             }
            },
            "type": "barpolar"
           }
          ],
          "carpet": [
           {
            "aaxis": {
             "endlinecolor": "#2a3f5f",
             "gridcolor": "white",
             "linecolor": "white",
             "minorgridcolor": "white",
             "startlinecolor": "#2a3f5f"
            },
            "baxis": {
             "endlinecolor": "#2a3f5f",
             "gridcolor": "white",
             "linecolor": "white",
             "minorgridcolor": "white",
             "startlinecolor": "#2a3f5f"
            },
            "type": "carpet"
           }
          ],
          "choropleth": [
           {
            "colorbar": {
             "outlinewidth": 0,
             "ticks": ""
            },
            "type": "choropleth"
           }
          ],
          "contour": [
           {
            "colorbar": {
             "outlinewidth": 0,
             "ticks": ""
            },
            "colorscale": [
             [
              0,
              "#0d0887"
             ],
             [
              0.1111111111111111,
              "#46039f"
             ],
             [
              0.2222222222222222,
              "#7201a8"
             ],
             [
              0.3333333333333333,
              "#9c179e"
             ],
             [
              0.4444444444444444,
              "#bd3786"
             ],
             [
              0.5555555555555556,
              "#d8576b"
             ],
             [
              0.6666666666666666,
              "#ed7953"
             ],
             [
              0.7777777777777778,
              "#fb9f3a"
             ],
             [
              0.8888888888888888,
              "#fdca26"
             ],
             [
              1,
              "#f0f921"
             ]
            ],
            "type": "contour"
           }
          ],
          "contourcarpet": [
           {
            "colorbar": {
             "outlinewidth": 0,
             "ticks": ""
            },
            "type": "contourcarpet"
           }
          ],
          "heatmap": [
           {
            "colorbar": {
             "outlinewidth": 0,
             "ticks": ""
            },
            "colorscale": [
             [
              0,
              "#0d0887"
             ],
             [
              0.1111111111111111,
              "#46039f"
             ],
             [
              0.2222222222222222,
              "#7201a8"
             ],
             [
              0.3333333333333333,
              "#9c179e"
             ],
             [
              0.4444444444444444,
              "#bd3786"
             ],
             [
              0.5555555555555556,
              "#d8576b"
             ],
             [
              0.6666666666666666,
              "#ed7953"
             ],
             [
              0.7777777777777778,
              "#fb9f3a"
             ],
             [
              0.8888888888888888,
              "#fdca26"
             ],
             [
              1,
              "#f0f921"
             ]
            ],
            "type": "heatmap"
           }
          ],
          "heatmapgl": [
           {
            "colorbar": {
             "outlinewidth": 0,
             "ticks": ""
            },
            "colorscale": [
             [
              0,
              "#0d0887"
             ],
             [
              0.1111111111111111,
              "#46039f"
             ],
             [
              0.2222222222222222,
              "#7201a8"
             ],
             [
              0.3333333333333333,
              "#9c179e"
             ],
             [
              0.4444444444444444,
              "#bd3786"
             ],
             [
              0.5555555555555556,
              "#d8576b"
             ],
             [
              0.6666666666666666,
              "#ed7953"
             ],
             [
              0.7777777777777778,
              "#fb9f3a"
             ],
             [
              0.8888888888888888,
              "#fdca26"
             ],
             [
              1,
              "#f0f921"
             ]
            ],
            "type": "heatmapgl"
           }
          ],
          "histogram": [
           {
            "marker": {
             "pattern": {
              "fillmode": "overlay",
              "size": 10,
              "solidity": 0.2
             }
            },
            "type": "histogram"
           }
          ],
          "histogram2d": [
           {
            "colorbar": {
             "outlinewidth": 0,
             "ticks": ""
            },
            "colorscale": [
             [
              0,
              "#0d0887"
             ],
             [
              0.1111111111111111,
              "#46039f"
             ],
             [
              0.2222222222222222,
              "#7201a8"
             ],
             [
              0.3333333333333333,
              "#9c179e"
             ],
             [
              0.4444444444444444,
              "#bd3786"
             ],
             [
              0.5555555555555556,
              "#d8576b"
             ],
             [
              0.6666666666666666,
              "#ed7953"
             ],
             [
              0.7777777777777778,
              "#fb9f3a"
             ],
             [
              0.8888888888888888,
              "#fdca26"
             ],
             [
              1,
              "#f0f921"
             ]
            ],
            "type": "histogram2d"
           }
          ],
          "histogram2dcontour": [
           {
            "colorbar": {
             "outlinewidth": 0,
             "ticks": ""
            },
            "colorscale": [
             [
              0,
              "#0d0887"
             ],
             [
              0.1111111111111111,
              "#46039f"
             ],
             [
              0.2222222222222222,
              "#7201a8"
             ],
             [
              0.3333333333333333,
              "#9c179e"
             ],
             [
              0.4444444444444444,
              "#bd3786"
             ],
             [
              0.5555555555555556,
              "#d8576b"
             ],
             [
              0.6666666666666666,
              "#ed7953"
             ],
             [
              0.7777777777777778,
              "#fb9f3a"
             ],
             [
              0.8888888888888888,
              "#fdca26"
             ],
             [
              1,
              "#f0f921"
             ]
            ],
            "type": "histogram2dcontour"
           }
          ],
          "mesh3d": [
           {
            "colorbar": {
             "outlinewidth": 0,
             "ticks": ""
            },
            "type": "mesh3d"
           }
          ],
          "parcoords": [
           {
            "line": {
             "colorbar": {
              "outlinewidth": 0,
              "ticks": ""
             }
            },
            "type": "parcoords"
           }
          ],
          "pie": [
           {
            "automargin": true,
            "type": "pie"
           }
          ],
          "scatter": [
           {
            "fillpattern": {
             "fillmode": "overlay",
             "size": 10,
             "solidity": 0.2
            },
            "type": "scatter"
           }
          ],
          "scatter3d": [
           {
            "line": {
             "colorbar": {
              "outlinewidth": 0,
              "ticks": ""
             }
            },
            "marker": {
             "colorbar": {
              "outlinewidth": 0,
              "ticks": ""
             }
            },
            "type": "scatter3d"
           }
          ],
          "scattercarpet": [
           {
            "marker": {
             "colorbar": {
              "outlinewidth": 0,
              "ticks": ""
             }
            },
            "type": "scattercarpet"
           }
          ],
          "scattergeo": [
           {
            "marker": {
             "colorbar": {
              "outlinewidth": 0,
              "ticks": ""
             }
            },
            "type": "scattergeo"
           }
          ],
          "scattergl": [
           {
            "marker": {
             "colorbar": {
              "outlinewidth": 0,
              "ticks": ""
             }
            },
            "type": "scattergl"
           }
          ],
          "scattermapbox": [
           {
            "marker": {
             "colorbar": {
              "outlinewidth": 0,
              "ticks": ""
             }
            },
            "type": "scattermapbox"
           }
          ],
          "scatterpolar": [
           {
            "marker": {
             "colorbar": {
              "outlinewidth": 0,
              "ticks": ""
             }
            },
            "type": "scatterpolar"
           }
          ],
          "scatterpolargl": [
           {
            "marker": {
             "colorbar": {
              "outlinewidth": 0,
              "ticks": ""
             }
            },
            "type": "scatterpolargl"
           }
          ],
          "scatterternary": [
           {
            "marker": {
             "colorbar": {
              "outlinewidth": 0,
              "ticks": ""
             }
            },
            "type": "scatterternary"
           }
          ],
          "surface": [
           {
            "colorbar": {
             "outlinewidth": 0,
             "ticks": ""
            },
            "colorscale": [
             [
              0,
              "#0d0887"
             ],
             [
              0.1111111111111111,
              "#46039f"
             ],
             [
              0.2222222222222222,
              "#7201a8"
             ],
             [
              0.3333333333333333,
              "#9c179e"
             ],
             [
              0.4444444444444444,
              "#bd3786"
             ],
             [
              0.5555555555555556,
              "#d8576b"
             ],
             [
              0.6666666666666666,
              "#ed7953"
             ],
             [
              0.7777777777777778,
              "#fb9f3a"
             ],
             [
              0.8888888888888888,
              "#fdca26"
             ],
             [
              1,
              "#f0f921"
             ]
            ],
            "type": "surface"
           }
          ],
          "table": [
           {
            "cells": {
             "fill": {
              "color": "#EBF0F8"
             },
             "line": {
              "color": "white"
             }
            },
            "header": {
             "fill": {
              "color": "#C8D4E3"
             },
             "line": {
              "color": "white"
             }
            },
            "type": "table"
           }
          ]
         },
         "layout": {
          "annotationdefaults": {
           "arrowcolor": "#2a3f5f",
           "arrowhead": 0,
           "arrowwidth": 1
          },
          "autotypenumbers": "strict",
          "coloraxis": {
           "colorbar": {
            "outlinewidth": 0,
            "ticks": ""
           }
          },
          "colorscale": {
           "diverging": [
            [
             0,
             "#8e0152"
            ],
            [
             0.1,
             "#c51b7d"
            ],
            [
             0.2,
             "#de77ae"
            ],
            [
             0.3,
             "#f1b6da"
            ],
            [
             0.4,
             "#fde0ef"
            ],
            [
             0.5,
             "#f7f7f7"
            ],
            [
             0.6,
             "#e6f5d0"
            ],
            [
             0.7,
             "#b8e186"
            ],
            [
             0.8,
             "#7fbc41"
            ],
            [
             0.9,
             "#4d9221"
            ],
            [
             1,
             "#276419"
            ]
           ],
           "sequential": [
            [
             0,
             "#0d0887"
            ],
            [
             0.1111111111111111,
             "#46039f"
            ],
            [
             0.2222222222222222,
             "#7201a8"
            ],
            [
             0.3333333333333333,
